
=== base ===
 mo | groups |    MAU | supp | arch | spons |   rev$ |  cost$ |   net$ | heads |  cash$ | unfunded$
  0 |     38 |    206 |    1 |    2 |   0.0 |      9 | 57,508 | -57,499 |   2.0 | 92,501 |         0
  6 |     60 |    319 |    3 |    2 |   0.0 |     23 | 12,514 | -12,492 |   2.0 | 72,538 |         0
 12 |     92 |    492 |    5 |    4 |   1.0 |    233 | 12,523 | -12,290 |   2.0 |      0 |     2,203
 14 |    119 |    639 |    6 |    5 |   2.9 |    626 | 12,530 | -11,904 |   2.0 |      0 |    26,202
 18 |    220 |  1,176 |   11 |    9 |   6.6 |  1,385 | 14,054 | -12,669 |   2.0 |      0 |    73,465
 24 |    500 |  2,680 |   25 |   20 |  11.5 |  2,470 | 14,123 | -11,652 |   2.0 |      0 |   145,876
 30 |    961 |  5,148 |   49 |   38 |  15.9 |  3,516 | 14,236 | -10,720 |   2.0 |      0 |   212,491
 36 |  1,623 |  8,689 |   84 |   65 |  19.8 |  4,543 | 14,401 | -9,858 |   2.0 |      0 |   273,766
 42 |  2,495 | 13,361 |  132 |  100 |  23.3 |  5,569 | 14,624 | -9,055 |   2.0 |      0 |   330,078
 48 |  3,576 | 19,151 |  193 |  143 |  26.3 |  6,602 | 14,908 | -8,306 |   2.0 |      0 |   381,762
 54 |  4,850 | 25,974 |  265 |  194 |  29.0 |  7,648 | 15,254 | -7,606 |   2.0 |      0 |   429,124
 60 |  6,288 | 33,670 |  347 |  252 |  31.4 |  8,702 | 15,882 | -7,181 |   2.0 |      0 |   472,953
 72 |  9,473 | 50,729 |  531 |  379 |  35.4 | 10,791 | 17,711 | -6,920 |   2.0 |      0 |   557,120
 84 | 12,706 | 68,041 |  722 |  508 |  38.6 | 12,745 | 19,674 | -6,929 |   2.0 |      0 |   639,988
 95 | 15,581 | 83,438 |  891 |  623 |  40.8 | 14,376 | 21,527 | -7,151 |   2.0 |      0 |   717,310
lean phase ends (full-time crew affordable) at month: None
break-even month: None | first month committed capital runs out: 12 | capital committed $205,000 + unfunded gap $717,310 = total needed to m95 $922,310 | MAU at that point 83,438

=== pessimistic_supporters_half ===
 mo | groups |    MAU | supp | arch | spons |   rev$ |  cost$ |   net$ | heads |  cash$ | unfunded$
  0 |     38 |    206 |    0 |    2 |   0.0 |      7 | 57,508 | -57,501 |   2.0 | 92,499 |         0
  6 |     60 |    319 |    2 |    2 |   0.0 |     16 | 12,514 | -12,499 |   2.0 | 72,504 |         0
 12 |     92 |    492 |    2 |    4 |   1.0 |    222 | 12,523 | -12,301 |   2.0 |      0 |     2,291
 14 |    119 |    639 |    3 |    5 |   2.9 |    613 | 12,530 | -11,917 |   2.0 |      0 |    26,315
 18 |    220 |  1,176 |    5 |    9 |   6.6 |  1,361 | 14,054 | -12,693 |   2.0 |      0 |    73,655
 24 |    500 |  2,680 |   12 |   20 |  11.5 |  2,414 | 14,122 | -11,707 |   2.0 |      0 |   146,306
 30 |    961 |  5,148 |   24 |   38 |  15.9 |  3,405 | 14,234 | -10,829 |   2.0 |      0 |   213,427
 36 |  1,623 |  8,689 |   42 |   65 |  19.8 |  4,351 | 14,397 | -10,046 |   2.0 |      0 |   275,619
 42 |  2,495 | 13,361 |   66 |  100 |  23.3 |  5,267 | 14,616 | -9,349 |   2.0 |      0 |   333,413
 48 |  3,576 | 19,151 |   96 |  143 |  26.3 |  6,163 | 14,894 | -8,731 |   2.0 |      0 |   387,305
 54 |  4,850 | 25,974 |  132 |  194 |  29.0 |  7,045 | 15,232 | -8,187 |   2.0 |      0 |   437,752
 60 |  6,288 | 33,670 |  173 |  252 |  31.4 |  7,912 | 15,850 | -7,938 |   2.0 |      0 |   485,676
 72 |  9,473 | 50,729 |  266 |  379 |  35.4 |  9,581 | 17,649 | -8,068 |   2.0 |      0 |   581,439
 84 | 12,706 | 68,041 |  361 |  508 |  38.6 | 11,101 | 19,570 | -8,469 |   2.0 |      0 |   680,663
 95 | 15,581 | 83,438 |  445 |  623 |  40.8 | 12,348 | 21,373 | -9,025 |   2.0 |      0 |   776,925
lean phase ends (full-time crew affordable) at month: None
break-even month: None | first month committed capital runs out: 12 | capital committed $205,000 + unfunded gap $776,925 = total needed to m95 $981,925 | MAU at that point 83,438

=== signal_anchor ===
 mo | groups |    MAU | supp | arch | spons |   rev$ |  cost$ |   net$ | heads |  cash$ | unfunded$
  0 |     38 |    206 |    0 |    2 |   0.0 |      6 | 57,508 | -57,502 |   2.0 | 92,498 |         0
  6 |     60 |    319 |    1 |    2 |   0.0 |     11 | 12,514 | -12,503 |   2.0 | 72,482 |         0
 12 |     92 |    492 |    1 |    4 |   1.0 |    215 | 12,523 | -12,308 |   2.0 |      0 |     2,349
 14 |    119 |    639 |    1 |    5 |   2.9 |    604 | 12,530 | -11,926 |   2.0 |      0 |    26,390
 18 |    220 |  1,176 |    2 |    9 |   6.6 |  1,345 | 14,054 | -12,709 |   2.0 |      0 |    73,781
 24 |    500 |  2,680 |    4 |   20 |  11.5 |  2,377 | 14,121 | -11,744 |   2.0 |      0 |   146,593
 30 |    961 |  5,148 |    8 |   38 |  15.9 |  3,331 | 14,232 | -10,902 |   2.0 |      0 |   214,052
 36 |  1,623 |  8,689 |   14 |   65 |  19.8 |  4,222 | 14,394 | -10,171 |   2.0 |      0 |   276,854
 42 |  2,495 | 13,361 |   22 |  100 |  23.3 |  5,066 | 14,610 | -9,544 |   2.0 |      0 |   335,637
 48 |  3,576 | 19,151 |   32 |  143 |  26.3 |  5,871 | 14,885 | -9,014 |   2.0 |      0 |   391,001
 54 |  4,850 | 25,974 |   44 |  194 |  29.0 |  6,643 | 15,218 | -8,575 |   2.0 |      0 |   443,505
 60 |  6,288 | 33,670 |   58 |  252 |  31.4 |  7,386 | 15,829 | -8,443 |   2.0 |      0 |   494,159
 72 |  9,473 | 50,729 |   89 |  379 |  35.4 |  8,774 | 17,608 | -8,833 |   2.0 |      0 |   597,652
 84 | 12,706 | 68,041 |  120 |  508 |  38.6 | 10,004 | 19,501 | -9,496 |   2.0 |      0 |   707,780
 95 | 15,581 | 83,438 |  148 |  623 |  40.8 | 10,996 | 21,270 | -10,274 |   2.0 |      0 |   816,668
lean phase ends (full-time crew affordable) at month: None
break-even month: None | first month committed capital runs out: 12 | capital committed $205,000 + unfunded gap $816,668 = total needed to m95 $1,021,668 | MAU at that point 83,438

=== pessimistic_rooms_die_faster ===
 mo | groups |    MAU | supp | arch | spons |   rev$ |  cost$ |   net$ | heads |  cash$ | unfunded$
  0 |     38 |    201 |    1 |    2 |   0.0 |      9 | 57,508 | -57,499 |   2.0 | 92,501 |         0
  6 |     52 |    279 |    3 |    2 |   0.0 |     20 | 12,513 | -12,493 |   2.0 | 72,536 |         0
 12 |     72 |    388 |    4 |    3 |   1.0 |    226 | 12,519 | -12,293 |   2.0 |      0 |     2,215
 14 |     94 |    504 |    5 |    4 |   2.9 |    617 | 12,524 | -11,907 |   2.0 |      0 |    26,220
 18 |    177 |    949 |    8 |    7 |   6.6 |  1,369 | 14,044 | -12,675 |   2.0 |      0 |    73,501
 24 |    406 |  2,173 |   20 |   16 |  11.5 |  2,436 | 14,100 | -11,664 |   2.0 |      0 |   145,963
 30 |    761 |  4,075 |   39 |   30 |  15.9 |  3,442 | 14,188 | -10,746 |   2.0 |      0 |   212,691
 36 |  1,235 |  6,611 |   65 |   49 |  19.8 |  4,398 | 14,307 | -9,909 |   2.0 |      0 |   274,200
 42 |  1,809 |  9,687 |   97 |   72 |  23.3 |  5,309 | 14,457 | -9,147 |   2.0 |      0 |   330,953
 48 |  2,458 | 13,162 |  134 |   98 |  26.3 |  6,175 | 14,633 | -8,457 |   2.0 |      0 |   383,389
 54 |  3,149 | 16,862 |  174 |  126 |  29.0 |  6,992 | 14,829 | -7,837 |   2.0 |      0 |   431,930
 60 |  3,847 | 20,600 |  215 |  154 |  31.4 |  7,753 | 15,040 | -7,287 |   2.0 |      0 |   476,993
 72 |  5,132 | 27,481 |  292 |  205 |  35.4 |  9,080 | 15,471 | -6,391 |   2.0 |      0 |   558,341
 84 |  6,097 | 32,652 |  352 |  244 |  38.6 | 10,112 | 16,045 | -5,933 |   2.0 |      0 |   631,523
 95 |  6,720 | 35,987 |  390 |  269 |  40.8 | 10,825 | 16,552 | -5,727 |   2.0 |      0 |   695,428
lean phase ends (full-time crew affordable) at month: None
break-even month: None | first month committed capital runs out: 12 | capital committed $205,000 + unfunded gap $695,428 = total needed to m95 $900,428 | MAU at that point 35,987

=== pessimistic_no_sponsors ===
 mo | groups |    MAU | supp | arch | spons |   rev$ |  cost$ |   net$ | heads |  cash$ | unfunded$
  0 |     38 |    206 |    1 |    2 |   0.0 |      9 | 57,508 | -57,499 |   2.0 | 92,501 |         0
  6 |     60 |    319 |    3 |    2 |   0.0 |     23 | 12,514 | -12,492 |   2.0 | 72,538 |         0
 12 |     89 |    476 |    5 |    4 |   0.0 |     34 | 12,523 | -12,488 |   2.0 |      0 |     2,401
 14 |    101 |    540 |    5 |    4 |   0.0 |     39 | 12,526 | -12,487 |   2.0 |      0 |    27,375
 18 |    128 |    686 |    7 |    5 |   0.0 |     50 | 14,034 | -13,984 |   2.0 |      0 |    78,816
 24 |    178 |    955 |   10 |    7 |   0.0 |     70 | 14,048 | -13,978 |   2.0 |      0 |   162,702
 30 |    240 |  1,287 |   13 |   10 |   0.0 |     94 | 14,066 | -13,971 |   2.0 |      0 |   246,548
 36 |    314 |  1,683 |   17 |   13 |   0.0 |    124 | 14,086 | -13,963 |   2.0 |      0 |   330,347
 42 |    399 |  2,138 |   22 |   16 |   0.0 |    158 | 14,111 | -13,953 |   2.0 |      0 |   414,090
 48 |    494 |  2,643 |   28 |   20 |   0.0 |    196 | 14,139 | -13,943 |   2.0 |      0 |   497,772
 54 |    595 |  3,184 |   33 |   24 |   0.0 |    237 | 14,170 | -13,933 |   2.0 |      0 |   581,393
 60 |    699 |  3,743 |   39 |   28 |   0.0 |    280 | 14,203 | -13,924 |   2.0 |      0 |   664,957
 72 |    903 |  4,834 |   52 |   36 |   0.0 |    364 | 14,275 | -13,911 |   2.0 |      0 |   831,947
 84 |  1,074 |  5,749 |   62 |   43 |   0.0 |    436 | 14,346 | -13,910 |   2.0 |      0 |   998,857
 95 |  1,200 |  6,424 |   69 |   48 |   0.0 |    488 | 14,409 | -13,921 |   2.0 |      0 | 1,151,924
lean phase ends (full-time crew affordable) at month: None
break-even month: None | first month committed capital runs out: 12 | capital committed $205,000 + unfunded gap $1,151,924 = total needed to m95 $1,356,924 | MAU at that point 6,424

=== pessimistic_all ===
 mo | groups |    MAU | supp | arch | spons |   rev$ |  cost$ |   net$ | heads |  cash$ | unfunded$
  0 |     38 |    201 |    0 |    2 |   0.0 |      7 | 57,508 | -57,501 |   2.0 | 92,499 |         0
  6 |     39 |    211 |    1 |    2 |   0.0 |     11 | 12,510 | -12,499 |   2.0 | 72,504 |         0
 12 |     41 |    222 |    1 |    2 |   0.4 |     91 | 12,511 | -12,421 |   2.0 |      0 |     2,413
 14 |     47 |    254 |    1 |    2 |   1.2 |    246 | 12,513 | -12,267 |   2.0 |      0 |    27,023
 18 |     72 |    388 |    2 |    3 |   2.6 |    541 | 14,019 | -13,478 |   2.0 |      0 |    76,862
 24 |    139 |    744 |    4 |    6 |   4.6 |    951 | 14,035 | -13,085 |   2.0 |      0 |   156,332
 30 |    233 |  1,249 |    6 |    9 |   6.4 |  1,323 | 14,059 | -12,736 |   2.0 |      0 |   233,598
 36 |    348 |  1,862 |    9 |   14 |   7.9 |  1,662 | 14,088 | -12,426 |   2.0 |      0 |   308,910
 42 |    474 |  2,538 |   13 |   19 |   9.3 |  1,970 | 14,122 | -12,152 |   2.0 |      0 |   382,490
 48 |    605 |  3,238 |   17 |   24 |  10.5 |  2,248 | 14,158 | -11,911 |   2.0 |      0 |   454,542
 54 |    733 |  3,927 |   21 |   29 |  11.6 |  2,498 | 14,196 | -11,699 |   2.0 |      0 |   525,249
 60 |    855 |  4,578 |   24 |   34 |  12.6 |  2,721 | 14,234 | -11,513 |   2.0 |      0 |   594,780
 72 |  1,063 |  5,691 |   30 |   43 |  14.2 |  3,096 | 14,309 | -11,212 |   2.0 |      0 |   730,895
 84 |  1,213 |  6,497 |   35 |   49 |  15.4 |  3,388 | 14,376 | -10,988 |   2.0 |      0 |   863,916
 95 |  1,301 |  6,968 |   38 |   52 |  16.3 |  3,594 | 14,430 | -10,836 |   2.0 |      0 |   983,833
lean phase ends (full-time crew affordable) at month: None
break-even month: None | first month committed capital runs out: 12 | capital committed $205,000 + unfunded gap $983,833 = total needed to m95 $1,188,833 | MAU at that point 6,968

=== bridge_loan_300k ===
 mo | groups |    MAU | supp | arch | spons |   rev$ |  cost$ |   net$ | heads |  cash$ | unfunded$
  0 |     38 |    206 |    1 |    2 |   0.0 |      9 | 57,508 | -57,499 |   2.0 | 92,501 |         0
  6 |     60 |    319 |    3 |    2 |   0.0 |     23 | 12,514 | -12,492 |   2.0 | 72,538 |         0
 12 |     92 |    492 |    5 |    4 |   1.0 |    233 | 12,548 | -12,315 |   2.0 | 20,000 |         0
 14 |    119 |    639 |    6 |    5 |   2.9 |    626 | 12,616 | -11,990 |   2.0 | 20,000 |         0
 18 |    220 |  1,176 |   11 |    9 |   6.6 |  1,385 | 14,258 | -12,873 |   2.0 | 20,000 |         0
 24 |    500 |  2,680 |   25 |   20 |  11.5 |  2,470 | 14,514 | -12,044 |   2.0 | 20,000 |         0
 30 |    961 |  5,148 |   49 |   38 |  15.9 |  3,516 | 14,803 | -11,288 |   2.0 | 20,000 |         0
 36 |  1,623 |  8,689 |   84 |   65 |  19.8 |  4,543 | 15,133 | -10,590 |   2.0 | 16,590 |         0
 42 |  2,495 | 13,361 |  132 |  100 |  23.3 |  5,569 | 15,374 | -9,805 |   2.0 |      0 |    44,222
 48 |  3,576 | 19,151 |  193 |  143 |  26.3 |  6,602 | 15,658 | -9,056 |   2.0 |      0 |   100,406
 54 |  4,850 | 25,974 |  265 |  194 |  29.0 |  7,648 | 16,004 | -8,356 |   2.0 |      0 |   152,268
 60 |  6,288 | 33,670 |  347 |  252 |  31.4 |  8,702 | 16,632 | -7,931 |   2.0 |      0 |   200,597
 72 |  9,473 | 50,729 |  531 |  379 |  35.4 | 10,791 | 18,461 | -7,670 |   2.0 |      0 |   293,765
 84 | 12,706 | 68,041 |  722 |  508 |  38.6 | 12,745 | 20,424 | -7,679 |   2.0 |      0 |   385,632
 95 | 15,581 | 83,438 |  891 |  623 |  40.8 | 14,376 | 22,277 | -7,901 |   2.0 |      0 |   471,204
lean phase ends (full-time crew affordable) at month: None
break-even month: None | first month committed capital runs out: 38 | capital committed $505,000 + unfunded gap $471,204 = total needed to m95 $976,204 | MAU at that point 83,438

=== fulltime_from_day_one ===
 mo | groups |    MAU | supp | arch | spons |   rev$ |  cost$ |   net$ | heads |  cash$ | unfunded$
  0 |     38 |    206 |    1 |    2 |   0.0 |      9 | 76,482 | -76,472 |   2.5 | 73,528 |         0
  6 |     60 |    319 |    3 |    2 |   0.0 |     23 | 31,488 | -31,465 |   2.5 |      0 |    60,275
 12 |     92 |    492 |    5 |    4 |   1.0 |    233 | 36,830 | -36,597 |   2.5 |      0 |   254,189
 14 |    119 |    639 |    6 |    5 |   2.9 |    626 | 36,837 | -36,210 |   2.5 |      0 |   326,802
 18 |    220 |  1,176 |   11 |    9 |   6.6 |  1,385 | 41,861 | -40,476 |   2.5 |      0 |   474,792
 24 |    500 |  2,680 |   25 |   20 |  11.5 |  2,470 | 41,929 | -39,459 |   2.5 |      0 |   714,043
 30 |    961 |  5,148 |   49 |   38 |  15.9 |  3,516 | 42,043 | -38,527 |   2.5 |      0 |   947,497
 36 |  1,623 |  8,689 |   84 |   65 |  19.8 |  4,543 | 42,208 | -37,665 |   2.5 |      0 | 1,175,612
 42 |  2,495 | 13,361 |  132 |  100 |  23.3 |  5,569 | 42,431 | -36,862 |   2.5 |      0 | 1,398,765
 48 |  3,576 | 19,151 |  193 |  143 |  26.3 |  6,602 | 42,715 | -36,112 |   2.5 |      0 | 1,617,288
 54 |  4,850 | 25,974 |  265 |  194 |  29.0 |  7,648 | 43,061 | -35,413 |   2.5 |      0 | 1,831,490
 60 |  6,288 | 33,670 |  347 |  252 |  31.4 |  8,702 | 43,465 | -34,764 |   2.5 |      0 | 2,041,670
 72 |  9,473 | 50,729 |  531 |  379 |  35.4 | 10,791 | 44,420 | -33,629 |   2.5 |      0 | 2,451,229
 84 | 12,706 | 68,041 |  722 |  508 |  38.6 | 12,745 | 45,497 | -32,752 |   2.5 |      0 | 2,848,797
 95 | 15,581 | 83,438 |  891 |  623 |  40.8 | 14,376 | 46,993 | -32,617 |   2.6 |      0 | 3,206,988
lean phase ends (full-time crew affordable) at month: 0
break-even month: None | first month committed capital runs out: 5 | capital committed $205,000 + unfunded gap $3,206,988 = total needed to m95 $3,411,988 | MAU at that point 83,438

=== grant_bridge_250k ===
 mo | groups |    MAU | supp | arch | spons |   rev$ |  cost$ |   net$ | heads |  cash$ | unfunded$
  0 |     38 |    206 |    1 |    2 |   0.0 |      9 | 57,508 | -57,499 |   2.0 | 92,501 |         0
  6 |     60 |    319 |    3 |    2 |   0.0 |     23 | 12,514 | -12,492 |   2.0 | 72,538 |         0
 12 |     92 |    492 |    5 |    4 |   1.0 |    233 | 12,523 | -12,290 |   2.0 |  8,214 |         0
 14 |    119 |    639 |    6 |    5 |   2.9 |    626 | 12,530 | -11,904 |   2.0 |  5,048 |         0
 18 |    220 |  1,176 |   11 |    9 |   6.6 |  1,385 | 14,054 | -12,669 |   2.0 |      0 |       548
 24 |    500 |  2,680 |   25 |   20 |  11.5 |  2,470 | 14,123 | -11,652 |   2.0 |      0 |    10,459
 30 |    961 |  5,148 |   49 |   38 |  15.9 |  3,516 | 14,236 | -10,720 |   2.0 |      0 |    14,574
 36 |  1,623 |  8,689 |   84 |   65 |  19.8 |  4,543 | 14,401 | -9,858 |   2.0 |      0 |    23,766
 42 |  2,495 | 13,361 |  132 |  100 |  23.3 |  5,569 | 14,624 | -9,055 |   2.0 |      0 |    80,078
 48 |  3,576 | 19,151 |  193 |  143 |  26.3 |  6,602 | 14,908 | -8,306 |   2.0 |      0 |   131,762
 54 |  4,850 | 25,974 |  265 |  194 |  29.0 |  7,648 | 15,254 | -7,606 |   2.0 |      0 |   179,124
 60 |  6,288 | 33,670 |  347 |  252 |  31.4 |  8,702 | 15,882 | -7,181 |   2.0 |      0 |   222,953
 72 |  9,473 | 50,729 |  531 |  379 |  35.4 | 10,791 | 17,711 | -6,920 |   2.0 |      0 |   307,120
 84 | 12,706 | 68,041 |  722 |  508 |  38.6 | 12,745 | 19,674 | -6,929 |   2.0 |      0 |   389,988
 95 | 15,581 | 83,438 |  891 |  623 |  40.8 | 14,376 | 21,527 | -7,151 |   2.0 |      0 |   467,310
lean phase ends (full-time crew affordable) at month: None
break-even month: None | first month committed capital runs out: 18 | capital committed $455,000 + unfunded gap $467,310 = total needed to m95 $922,310 | MAU at that point 83,438

=== sponsor_led ===
 mo | groups |    MAU | supp | arch | spons |   rev$ |  cost$ |   net$ | heads |  cash$ | unfunded$
  0 |     38 |    206 |    1 |    2 |   0.0 |      9 | 57,508 | -57,499 |   2.0 | 92,501 |         0
  6 |     60 |    319 |    3 |    2 |   0.0 |     23 | 12,514 | -12,492 |   2.0 | 72,538 |         0
 12 |     95 |    508 |    5 |    4 |   2.0 |    432 | 12,524 | -12,092 |   2.0 |      0 |     2,005
 14 |    138 |    738 |    7 |    6 |   5.9 |  1,214 | 12,534 | -11,320 |   2.0 |      0 |    25,028
 18 |    311 |  1,667 |   14 |   12 |  13.2 |  2,720 | 14,075 | -11,355 |   2.0 |      0 |    68,114
 24 |    823 |  4,405 |   39 |   33 |  23.1 |  4,871 | 14,197 | -9,326 |   2.0 |      0 |   129,050
 30 |  1,682 |  9,008 |   84 |   67 |  31.9 |  6,937 | 14,407 | -7,470 |   2.0 |      0 |   178,433
 36 |  2,931 | 15,696 |  152 |  117 |  39.7 |  8,962 | 14,716 | -5,754 |   2.0 |      0 |   217,184
 42 |  4,591 | 24,584 |  243 |  184 |  46.5 | 10,979 | 15,137 | -4,158 |   2.0 |      0 |   246,066
 48 |  6,659 | 35,659 |  358 |  266 |  52.6 | 13,009 | 16,003 | -2,994 |   2.0 |      0 |   266,454
 54 |  9,106 | 48,764 |  496 |  364 |  58.1 | 15,058 | 17,335 | -2,276 |   2.0 |      0 |   281,812
 60 | 11,876 | 63,597 |  654 |  475 |  62.8 | 17,123 | 18,870 | -1,746 |   2.0 |      0 |   293,528
 72 | 18,044 | 96,623 | 1,011 |  722 |  70.8 | 21,218 | 22,399 | -1,181 |   2.0 |      0 |   310,205
 84 | 24,339 | 130,333 | 1,382 |  974 |  77.1 | 25,055 | 26,209 | -1,154 |   2.0 |      0 |   323,743
 95 | 29,963 | 160,453 | 1,712 | 1,199 |  81.7 | 28,264 | 29,816 | -1,552 |   2.0 |      0 |   338,376
lean phase ends (full-time crew affordable) at month: None
break-even month: None | first month committed capital runs out: 12 | capital committed $205,000 + unfunded gap $338,376 = total needed to m95 $543,376 | MAU at that point 160,453

=== sponsor_led_half_fee ===
 mo | groups |    MAU | supp | arch | spons |   rev$ |  cost$ |   net$ | heads |  cash$ | unfunded$
  0 |     38 |    206 |    1 |    2 |   0.0 |      9 | 57,508 | -57,499 |   2.0 | 92,501 |         0
  6 |     60 |    319 |    3 |    2 |   0.0 |     23 | 12,514 | -12,492 |   2.0 | 72,538 |         0
 12 |     95 |    508 |    5 |    4 |   2.0 |    234 | 12,524 | -12,290 |   2.0 |      0 |     2,203
 14 |    138 |    738 |    7 |    6 |   5.9 |    632 | 12,534 | -11,903 |   2.0 |      0 |    26,200
 18 |    311 |  1,667 |   14 |   12 |  13.2 |  1,415 | 14,075 | -12,660 |   2.0 |      0 |    73,442
 24 |    823 |  4,405 |   39 |   33 |  23.1 |  2,585 | 14,197 | -11,613 |   2.0 |      0 |   145,703
 30 |  1,682 |  9,008 |   84 |   67 |  31.9 |  3,782 | 14,407 | -10,625 |   2.0 |      0 |   211,899
 36 |  2,931 | 15,696 |  152 |  117 |  39.7 |  5,037 | 14,716 | -9,680 |   2.0 |      0 |   272,325
 42 |  4,591 | 24,584 |  243 |  184 |  46.5 |  6,371 | 15,137 | -8,765 |   2.0 |      0 |   327,188
 48 |  6,659 | 35,659 |  358 |  266 |  52.6 |  7,797 | 16,003 | -8,206 |   2.0 |      0 |   377,373
 54 |  9,106 | 48,764 |  496 |  364 |  58.1 |  9,311 | 17,335 | -8,023 |   2.0 |      0 |   425,907
 60 | 11,876 | 63,597 |  654 |  475 |  62.8 | 10,902 | 18,870 | -7,968 |   2.0 |      0 |   473,792
 72 | 18,044 | 96,623 | 1,011 |  722 |  70.8 | 14,204 | 22,399 | -8,195 |   2.0 |      0 |   570,461
 84 | 24,339 | 130,333 | 1,382 |  974 |  77.1 | 17,420 | 26,209 | -8,788 |   2.0 |      0 |   672,346
 95 | 29,963 | 160,453 | 1,712 | 1,199 |  81.7 | 20,178 | 29,816 | -9,638 |   2.0 |      0 |   773,759
lean phase ends (full-time crew affordable) at month: None
break-even month: None | first month committed capital runs out: 12 | capital committed $205,000 + unfunded gap $773,759 = total needed to m95 $978,759 | MAU at that point 160,453

=== optimistic ===
 mo | groups |    MAU | supp | arch | spons |   rev$ |  cost$ |   net$ | heads |  cash$ | unfunded$
  0 |     38 |    206 |    2 |    2 |   0.0 |     14 | 57,508 | -57,495 |   2.0 | 92,505 |         0
  6 |     70 |    374 |    7 |    3 |   0.0 |     43 | 12,517 | -12,474 |   2.0 | 72,620 |         0
 12 |    127 |    682 |   13 |    5 |   2.0 |    475 | 12,532 | -12,057 |   2.0 |      0 |     1,760
 14 |    182 |    975 |   18 |    7 |   5.9 |  1,272 | 12,546 | -11,273 |   2.0 |      0 |    24,696
 18 |    395 |  2,115 |   38 |   16 |  13.2 |  2,840 | 14,097 | -11,256 |   2.0 |      0 |    67,479
 24 |  1,041 |  5,573 |  104 |   42 |  23.1 |  5,196 | 14,253 | -9,057 |   2.0 |      0 |   127,293
 30 |  2,200 | 11,782 |  228 |   88 |  31.9 |  7,667 | 14,540 | -6,874 |   2.0 |      0 |   174,007
 36 |  4,019 | 21,522 |  429 |  161 |  39.7 | 10,380 | 14,998 | -4,618 |   2.0 |      0 |   207,410
 42 |  6,640 | 35,555 |  723 |  266 |  46.5 | 13,459 | 15,992 | -2,533 |   2.0 |      0 |   227,347
 48 | 10,184 | 54,533 | 1,126 |  407 |  52.6 | 17,012 | 17,902 |   -890 |   2.0 |      0 |   236,780
 54 | 14,733 | 78,896 | 1,650 |  589 |  58.1 | 21,121 | 20,388 |    733 |   2.0 |  1,389 |   237,822
 60 | 20,315 | 108,787 | 2,300 |  813 |  62.8 | 25,830 | 23,488 |  2,341 |   2.0 | 11,422 |   237,822
 72 | 34,333 | 183,853 | 3,957 | 1,373 |  70.8 | 36,971 | 37,493 |   -522 |   2.0 | 24,072 |   237,822
 84 | 51,028 | 273,255 | 5,968 | 2,041 |  77.1 | 49,767 | 47,471 |  2,296 |   2.0 | 36,615 |   237,822
 95 | 66,854 | 358,001 | 7,909 | 2,674 |  81.7 | 61,781 | 57,520 |  4,261 |   2.0 | 74,364 |   237,822
lean phase ends (full-time crew affordable) at month: None
break-even month: 52 | first month committed capital runs out: 12 | capital committed $205,000 + unfunded gap $237,822 = total needed to BE $442,822 | MAU at that point 70,161

=== optimistic_plus_grant ===
 mo | groups |    MAU | supp | arch | spons |   rev$ |  cost$ |   net$ | heads |  cash$ | unfunded$
  0 |     38 |    206 |    2 |    2 |   0.0 |     14 | 57,508 | -57,495 |   2.0 | 92,505 |         0
  6 |     70 |    374 |    7 |    3 |   0.0 |     43 | 12,517 | -12,474 |   2.0 | 72,620 |         0
 12 |    127 |    682 |   13 |    5 |   2.0 |    475 | 12,532 | -12,057 |   2.0 |  8,656 |         0
 14 |    182 |    975 |   18 |    7 |   5.9 |  1,272 | 12,546 | -11,273 |   2.0 |  6,554 |         0
 18 |    395 |  2,115 |   38 |   16 |  13.2 |  2,840 | 14,097 | -11,256 |   2.0 |  5,438 |         0
 24 |  1,041 |  5,573 |  104 |   42 |  23.1 |  5,196 | 14,253 | -9,057 |   2.0 |  8,124 |         0
 30 |  2,200 | 11,782 |  228 |   88 |  31.9 |  7,667 | 14,540 | -6,874 |   2.0 | 23,909 |         0
 36 |  4,019 | 21,522 |  429 |  161 |  39.7 | 10,380 | 14,998 | -4,618 |   2.0 | 42,590 |         0
 42 |  6,640 | 35,555 |  723 |  266 |  46.5 | 13,459 | 15,992 | -2,533 |   2.0 | 22,653 |         0
 48 | 10,184 | 54,533 | 1,126 |  407 |  52.6 | 17,012 | 17,902 |   -890 |   2.0 | 13,220 |         0
 54 | 14,733 | 78,896 | 1,650 |  589 |  58.1 | 21,121 | 20,388 |    733 |   2.0 | 13,568 |         0
 60 | 20,315 | 108,787 | 2,300 |  813 |  62.8 | 25,830 | 23,488 |  2,341 |   2.0 | 23,601 |         0
 72 | 34,333 | 183,853 | 3,957 | 1,373 |  70.8 | 36,971 | 37,493 |   -522 |   2.0 | 36,250 |         0
 84 | 51,028 | 273,255 | 5,968 | 2,041 |  77.1 | 49,767 | 47,471 |  2,296 |   2.0 | 48,793 |         0
 95 | 66,854 | 358,001 | 7,909 | 2,674 |  81.7 | 61,781 | 57,520 |  4,261 |   2.0 | 86,542 |         0
lean phase ends (full-time crew affordable) at month: None
break-even month: 52 | first month committed capital runs out: None | capital committed $455,000 + unfunded gap $0 = total needed to BE $455,000 | MAU at that point 70,161

=== unit economics (members only) ===
variable cost/MAU ~ $0.101; archive revenue/MAU $0.029; net per supporter $4.55
=> supporter share of MAU needed just to cover VARIABLE cost: 1.6% (base assumption 1.2%); every point below that makes growth LOSE money per member.

=== what would have to be true (break-even by month 72, lean->full-time gate as coded) ===
spawn0=0.12 sponsors/mo=0: supporter share of MAU needed = >20%
spawn0=0.12 sponsors/mo=1: supporter share of MAU needed = 4.9%
spawn0=0.12 sponsors/mo=2: supporter share of MAU needed = 1.6%
spawn0=0.15 sponsors/mo=0: supporter share of MAU needed = 18.9%
spawn0=0.15 sponsors/mo=1: supporter share of MAU needed = 3.4%
spawn0=0.15 sponsors/mo=2: supporter share of MAU needed = 1.8%
